date	total	pnevmo	corona	hard	middle	O2	IVL	plus	minus	
200413	19		19							
200415	143		143							
200416	160		160							
200417	163		163							
200418	194			15	175	66				
200419	204			35	165	106				
200420	213		213	27	181	79				
200421	216		56	36	189	92				
200422	215		41	45	164				29	
200423	237		58	38	188					
200424	248		112	37	183					
200425	236			44	159	77			33	
200426	245			39	175	74	3		3	
200427	247	209	110	44	186					
200428	245	206	95	56	175					
200429	241	201	91	46	182	97				
200430	239	199	87	60	165	102				
200501	234			48	175	102			30	
200502	238			52	176	94	4		4	
200503	248			66	172	116			16	
200504	243			69	163	85			15	
200505	240			79	145	87				
200506	255	226	92	91	137	130				
200507	255	212	82	112	134	121				
200508	251	228	83	111	129	132				
200509	253			78	168	98				
200510	266			81	178	104	5			
200511	271			75	193	100	5		12	
200512	279	258	81	115	159	145			7	
200513	287	262	82	128	154	136			22	
200514	296	278	78	125	170	140			25	
200515	310	289	80	126	180	155			19	
200516	319			138	175				28	
200517	327			149	176	146			11	
200518	342	299	97	145	192	166			10	
200519	365	337	97	149	212	175			18	
200520	362	337	99	154	205	166				
200521	373	345	100	157	209	153			17	
200522	407	378	112	171	229	174			19	
200523	415			151	255				28	
200524	437			157	268	186			14	
200525	449	415	137	161	282	191			4	
200526	449	413	196	167	271	197				
200527	437	407	188	164	260	176				
200528	454	422	189	159	284	195				
200529	461	424	195	161	289	202				
200530	470			146	315	203				
200530	470			146	315	203				
200531	478			165	307	188		23	9	
200601	502	457	224	160	331	191	12			
200602	527	492	221	160	364	179	10			
200603	526	489	217	159	364	226	11			
200604	527	493	233	148	375	229	10			
200605	551	519	245	156	390	222	10			
200606	554			161	385	253		61	58	
200607	564			152	407	239	10	26	16	
200608	578	550	241	148	422	241	9		8	
200609	594	542	266	161	425	261	10	56	40	
200610	584	561	240	144	437	233	11		54	
200611	600	580	233	162	428	249	11	52	36	
200612	581			143	432	226	12	61	80	
200613	593			137	449	208	14	34	22	
200614	612			156	447	235	12	49	30	
200615	647	610	317	152	483	244	12	42	7	
200616	631	612	227	148	473	246	13	61	77	
200617	641	615	259	178	458	253	16	61	51	
200618	652	627	260	170	477	250	16	61	50	
200619	656	632	256	159	495	244	16	47	43	
200620	632			162	467	242	18	55	79	
200621	638			167	466	242	19	29	23	
200622	639	622	251	161	477	253	17	22	21	
200623	653	639	246	165	486	258	15	72	58	
200624	641			154	485	256	11	58	70	
200625	646	612	253	132	509	239	12	30	25	
200626	632	593	249	139	489	224	13	45	59	
200629	597	568	247	144	449	237	11	27	9	
200630	581	554	243	150	427	247	7	63	79	
200701	558			143	412	244	7	55	78	
200702	572	554	240	140	424	235	10	34	20	
200703	570	553	241	134	433	224	11	55	57	
200704	585			159	424	246	12	60	45	
200705	588			144	441	233	10	27	24	
200706	607	588	221	159	440	246	12	39	20	
200707	604	588	230	140	461	227	13	57	60	
200708	610	599	229	144	464	226	15	60	54	
200709	636	624	214	138	498	244	13	78	53	
200710	619	604	210	138	479	246	11	56	73	
200711	612			155	452	254	8	53	60	
200712	648			156	491	262	9	54	18	
200713	653	627	213	148	501	242	8	21	16	
200714	667	657	215	153	511	261	7	80	67	
200715	647	635	202	157	489	252	6	59	80	
200716	620	611	205	153	465	243	8	46	73	
200717	640	629	205	156	484	260	8	68	48	
200718	638			144	493	256	7	52	54	
200719	638			143	495	250	11	30	30	
200720	641	632	215	145	492	263	11	23	20	
200721	589	582	205	135	452	235	10	36	88	
200722	555	547	205	132	418	213	10	34	68	
200723	552	544	197	127	424	207	9	41	44	
200724	545	535	203	114	431	203	12	36	43	
200725	492			107	382	185	13	29	82	
200726	485			112	371	180	11	31	38	
200727	474	464	198	96	378	168	6	12	23	
200728	430	419	194	77	353	152	5	41	85	
200729	389	378	188	79	310	155	7	22	63	
200730	363	353	181	71	290	136	6	32	58	
200731	357	348	178	71	282	130	5	32	38	
200801	338			64	274	132	7	43	62	
200802	338			58	280	127	7	15	15	
200803	353	346	176	69	283	138	4	21	6	
200804	333	328	159	58	274	144	5	24	44	
200805	316	311	145	60	254	145	5	23	40	
200806	311	307	138	59	252	128	5	27	32	
200807	311	307	136	68	241	130	4	25	25	
200808	283			79	203	128	3	25	53	
200809	286			82	204	140	3	17	14	
200810	303	299	124	87	216	150	4	21	4	
200811	286	282	109	87	195	139	4	31	48	
200812	276	272	102	81	194	133	3	17	27	
200813	278	275	105	85	191	135	6	22	20	
200814	286	284	108	90	195	142	6	25	17	
200815	272			91	181	141	5	21	35	
200816	276			90	185	147	6	12	8	
200817	283	281	108	97	185	148	7	8	1	
200818	280	277	103	94	181	144	7	23	26	
200819	280	275	104	93	185	134	8	35	35	
200820	279	273	106	97	180	143	9	17	18	
200821	276	270	102	103	169	141	9	24	27	
200822	256	250	100	82	173	115	10	13	33	
200823	259	253	98	79	179	113	10	15	12	
200824	265	259	101	79	180	114	8	11	5	
200825	263	257	100	87	173	114	8	28	30	
200826	260	254	103	83	175	117	7	28	31	
200827	269	260	106	78	188	111	8	31	22	
200828	279	268	105	83	189	126	7	37	27	
200829	294	283	111	83	208	128	9	46	31	
200830	306	296	113	86	216	132	10	23	11	
200831	316	299	111	93	221	131	8	19	9	
200901	338	325	106	82	254	149	7	48	26	
200902	352	345	105	99	248	150	9	38	24	
200903	370	363	107	111	257	156	8	42	26	
200904	374	368	109	110	258	165	7	26	22	
200905	380	376	109	120	259	163	6	50	44	
200906	389	385	108	118	270	180	7	20	13	
200907	416	409	109	135	270	188	7	28	1	
200908	385	378	107	121	261	182	5	45	76	
200909	385	377	90	121	260	176	5	39	39	
200910	394	387	100	121	270	170	7	35	26	
200911	401	395	101	126	271	177	10	36	29	
200912	371			128	239	175	10	31	61	
200913	365			118	246	162	8	10	16	
200914	376	370	112	116	258	165	8	17	6	
200915	364	358	107	117	245	168	7	36	48	
200916	376	369	110	113	261	163	8	30	18	
200917	367	361	104	114	252	157	8	39	48	
200918	377	372	112	110	264	157	8	33	23	
200919	367			97	270	158	8	45	55	
200920	382			116	266	163	9	22	7	
200921	386	381	115	110	274	167	7	13	9	
200922	401	396	116	116	283	170	6	50	35	
200923	403	397	134	116	287	171	5	39	37	
200924	410	406	118	113	297	172	6	45	38	
200925	406	401	112	119	285	168	8	51	55	
200926	401			106	295	162	9	46	51	
200927	408			107	301	166	7	21	14	
200928	419	413	134	106	312	171	7	20	9	
200929	433	428	134	117	312	176	8	59	45	
200930	440	432	139	97	342	153	9	40	33	
201001	460	454	136	120	339	187	10	61	41	
201002	470	464	149	122	341	179	11	43	33	
201003	486			128	358	194	11	75	59	
201004	530	522		129	401	206	11	61	17	
201005	556	545	154	127	429	224	12	37	11	
201006	581	572	169	125	454	232	12	72	47	
201007	608	598	186	124	484	243	14	76	49	
201008	619	609	179	150	469	260	11	74	63	
201009	652	643	190	145	507	247	14	72	39	
201010	694	686		131	563	240	10	93	51	
201011	722	715		129	593	247	11	51	23	
201012	741	733	222	131	609	246	12	40	21	
201013	742	734	223	121	620	252	12	84	83	
201014	738	732	213	116	621	299	12	83	87	
201015	763	763	208	159	604	317	14	106	81	
201016	852	748	213	154	698	336	12	119	30	
201017	860	855		152	708	354	10	91	83	
201018	875	872		156	719	405	9	73	58	
201019	931	927	251	180	751	431	11	71	15	
201020	913	908	263	182	731	418	10	80	98	
201021	887	882	268	174	713	380	14	71	97	
201022	919	911	267	177	742	384	18	90	58	
201023	927	918	256	199	728	411	19	96	88	
201024	944	935		155	789	361	17	119	102	
201025	924	915		148	776	351	17	61	81	
201026	980	972	246	189	791	386	17	84	28	
201027	1001	991	241	181	820	407	21	112	91	
201028	1014	1005	259	172	842	388	22	108	95	
201029	1025	1017	271	178	847	396	18	106	95	
201030	1032	1021	265	173	859	412	22	101	94	
201031	998	986		177	821	417	22	84	118	
201101	1035	1021		184	851	417	22	71	34	
201102	1059	1045	307	188	868	429	23	52	28	
201103	1068	1055	294	190	878	455	22	136	127	
201104	1066	1053		197	869	468	23	115	117	
201105	1066	1052	311	176	890	450	22	65	65	
201106	1072	1059	324	190	882	460	23	101	95	
201107	1060	1046		220	840	463	29	136	148	
201108	1049	1035		202	847	435	30	77	88	
201109	1109	1095	327	198	911	529	27	92	32	
201110	1083	1069	327	207	876	468	30	128	154	
201111	1117	1102	356	208	909	466	30	129	95	
201112	1144	1127	353	214	930	473	32	106	79	
201113	1156	1141	356	223	933	508	33	134	122	
201114	1142	1127		220	922	509	34	119	133	
201115	1149	1136		208	941	510	33	76	69	
201116	1196	1184	370	212	984	523	38	69	22	
201117	1180	1168	358	223	957	538	42	137	153	
201118	1193	1181	376	221	972	554	40	125	112	
201119	1192	1179	359	227	965	523	41	117	118	
201120	1162	1151	358	215	978	521	40	103	131	
201121	1138	1129	361	215	918	493	42	126	148	
201122	1160	1151	356	194	966	501	38	74	51	
201123	1188	1179	361	193	987	467	39	50	22	
201124	1153	1143	352	197	949	490	38	134	169	
201125	1158	1150	368	198	957	498	34	121	116	
201126	1141	1133	346	195	939	495	41	111	128	
201127	1151	1150	373	219	932	509	41	110	100	
201128	1121	1113	356	213	908	514	37	128	158	
201129	1158	1150	360	207	951	522	37	99	62	
201130	1184	1173	371	194	990	532	36	63	37	
201201	1159	1145	366	205	954	510	40	140	165	
201202	1143	1132	368	213	930	482	40	105	121	
201203	1186	1173	372	227	958	491	41	103	60	
201204	1194	1171	373	211	982	508	36	105	97	
201205	1165	1138	367	208	955	480	32	107	136	
201206	1182	1152	364	218	962	494	31	71	54	
201207	1175	1146	370	199	974	490	34	49	51	
201208	1168	1140	359	200	966	537	29	149	156	
201209	1176	1149	391	215	959	512	30	113	105	
201210	1172	1150	392	189	981	500	32	95	99	
201211	1179	1160	393	192	985	542	35	100	93	
201212	1139	1126	393	180	959	539	33	101	141	
201213	1120	1107	407	179	941	511	32	68	87	
201214	1148	1134	408	179	969	495	35	54	26	
201215	1090	1081	406	204	886	498	38	105	163	
201216	1065	1055	410	200	865	495	38	90	115	
201217	1067	1057	414	177	890	484	34	75	73	
201218	1063	1054	417	177	886	481	33	80	84	
201219	1010	1001	413	192	818	464	33	96	149	
201220	1035	1025	466	175	860	466	35	54	29	
201221	1049	1039	416	185	864	483	36	54	40	
201222	1019	1008	407	182	836	468	34	94	124	
201223	963	954	408	177	785	436	34	63	119	
201224	1002	995	410	170	832	452	35	98	59	
201225	1039	1032	400	182	857	479	35	105	68	
201226	988	983	377	166	822	464	29	105	68	
201227	958	952	383	175	783	446	36	56	86	
201228	978	970	390	154	824	456	30	43	23	
201229	981	974	378	160	821	450	34	98	95	
201230	963	956	370	151	812	454	32	98	116	
201231	921	910	342	145	776	419	28	81	123	
210101	857	846	323	145	712	416	30	45	109	
210102	906	895	351	141	765	423	32	63	14	
210103	935	924	363	149	786	432	33	64	35	
210104	908	899	366	149	759	408	33	55	82	
210105	902	896	378	132	770	453	30	85	91	
210106	922	915	369	140	782	440	32	86	66	
210107	906	899	369	147	759	430	31	101	117	
210108	926	921	362	161	765	446	30	55	35	
210109	932	926	363	146	786	446	32	87	81	
210110	906	901	380	145	761	426	33	50	76	
210111	918	910	360	145	773	423	29	50	38	
210112	914	908	360	146	768	420	26	83	87	
210113	934	928	361	154	780	434	31	98	78	
210114	924	918	357	141	783	418	29	66	76	
210115	906	901	358	138	768	409	22	70	88	
210116	927	923	365	143	784	428	26	100	79	
210117	933	930	359	146	787	433	25	56	50	
210118	949	945	363	147	802	415	27	52	36	
210119	905	902	351	142	763	394	29	67	111	
210120	888	885	344	146	742	406	30	68	85	
210121	873	871	329	144	729	408	31	54	69	
210122	861	860	333	153	708	371	36	65	77	
210123	808	806	319	145	663	353	35	75	128	
210124	788	785	315	137	651	347	32	40	60	
210125	794	791	317	124	670	340	29	30	24	
210126	793	790	303	132	661	343	31	78	79	
210127	755	753	292	129	626	322	31	49	87	
210128	731	728	290	123	608	321	27	45	69	
210129	707	703	282	115	592	312	24	44	68	
210130	687	681	260	110	577	306	27	72	92	
210131	695	690	258	109	586	316	22	41	33	
210201	695	690	259	109	586	286	23	24	24	
210202	660	655	266	114	546	289	25	48	83	
210203	630	626	262	115	515	267	28	56	86	
210204	601	596	247	112	489	254	30	43	72	
210205	603	598	238	114	489	246	30	47	45	
210206	587	581	236	115	472	237	27	53	69	
210207	592	585	233	116	476	248	26	27	22	
210208	604	596	236	111	493	254	25	28	16	
210209	600	592	234	114	486	259	23	48	52	
210210	564	556	236	109	455	241	22	33	69	
210211	558	547	240	111	447	228	17	26	32	
210212	552	539	236	106	446	227	20	34	40	
210213	513	502	225	90	423	202	18	42	81	
210214	499	487	215	92	407	189	22	18	32	
210215	502	487	220	84	418	191	17	15	12	
210216	485	471	207	80	405	190	14	37	54	
210217	438	424	186	66	372	167	15	35	82	
210218	424	412	187	56	368	154	13	38	52	
210219	418	407	182	65	353	150	13	27	33	
210220	412	401	186	69	343	154	12	27	33	
210221	414	405	182	75	339	155	13	46	44	
210222	418	409	195	70	348	162	10	16	12	
210223	413	406	200	71	342	156	9	19	24	
210224	410	401	200	66	344	160	11	9	12	
210225	403	395	201	65	338	154	13	31	38	
210226	391	381	190	73	318	148	16	20	32	
210227	374	368	170	74	300	152	20	36	53	
210228	381	377	168	76	305	157	19	21	14	
